,Date,cf_200,cf_2000
0,2018-01-01,0.7699388674410784,0.6249018458466672
1,2018-01-03,0.971496321519665,0.8858415703249036
2,2018-01-06,0.9994419996776079,0.9968662908165573
3,2018-01-08,0.6429473016072226,0.5378530627032623
4,2018-01-13,0.5010906228346179,0.473415855120049
5,2018-01-16,0.0,0.0
6,2018-01-18,0.0,0.0
7,2018-01-21,0.9905363803335593,0.9634093393088938
8,2018-01-23,0.8629955777836761,0.6593863801217422
9,2018-01-26,0.7801717724859829,0.663271670911751
10,2018-01-28,0.9153516676871297,0.7995111120559759
11,2018-02-02,0.9951021428175197,0.9647825791472153
12,2018-02-05,0.729578471618772,0.5580707735460525
13,2018-02-07,0.948967297592348,0.8813864156554365
14,2018-02-10,0.17623188141632898,0.12487901276269613
15,2018-02-12,0.5883014709099591,0.43120505955837163
16,2018-02-15,0.9949510527558135,0.9711547021848371
17,2018-02-17,0.9989751126834208,0.9990562537117946
18,2018-02-20,0.6577721630368503,0.6087292152430689
19,2018-02-22,0.9277087659330915,0.8179355516384144
20,2018-02-25,0.9997064967581766,0.998756300731618
21,2018-02-27,0.0,0.0
22,2018-03-02,0.9976170906455434,0.9808015509438036
23,2018-03-04,0.0,0.0
24,2018-03-07,0.1679274149352417,0.08428510467676283
25,2018-03-09,0.9989654772543749,0.9980352774710948
26,2018-03-12,0.32031596441221544,0.24423682150277534
27,2018-03-14,0.543966467693124,0.5302688640076925
28,2018-03-17,0.6329868980631613,0.5453060594054794
29,2018-03-19,0.001214411700700585,0.0
30,2018-03-22,0.9996547736442242,0.9991903170591954
31,2018-03-24,0.0,0.0
32,2018-03-27,0.611405589859103,0.5052835464273008
33,2018-03-29,0.0046029440195613,8.639735068158744e-06
34,2018-04-01,0.0,0.0
35,2018-04-03,0.0,0.0
36,2018-04-06,0.10831717661002838,0.08561034356083186
37,2018-04-08,0.0,0.0
38,2018-04-11,0.999677183589056,0.9993104794431265
39,2018-04-13,0.0034422367896089004,0.0
40,2018-04-16,0.9996026543400386,0.9987370972713423
41,2018-04-18,0.9972244908421376,0.9875180104793742
42,2018-04-21,0.9594834654858495,0.920051622038141
43,2018-04-23,0.0,0.0
44,2018-04-26,0.17804077518754988,0.05038692001091777
45,2018-04-28,0.9988003310395503,0.9976535390042807
46,2018-05-01,0.0,0.0
47,2018-05-03,0.9307453063342599,0.86925974009582
48,2018-05-06,0.0007875032362214618,0.0
49,2018-05-08,0.8525346467923719,0.7821864530588691
50,2018-05-11,0.0,0.0
51,2018-05-13,0.019102534252742998,0.0004862015960977194
52,2018-05-16,0.0,0.0
53,2018-05-18,0.0,0.0
54,2018-05-21,0.7213266947412658,0.6389679967098552
55,2018-05-23,0.7295222039067667,0.6801333780306345
56,2018-05-26,0.9974804755484956,0.9802426511756779
57,2018-05-28,0.9978987456145196,0.9868009396098636
58,2018-05-31,0.9870290631059938,0.9306455449506853
59,2018-06-02,0.9986946118915914,0.9968963410452092
60,2018-06-05,0.9724083859560256,0.9088531641511066
61,2018-06-07,0.0005315697452746536,0.0
62,2018-06-10,0.0,0.0
63,2018-06-12,0.9935817346755198,0.9590623722137035
64,2018-06-15,0.347457962112575,0.19249229441119942
65,2018-06-17,0.0,0.0
66,2018-06-20,0.8963984779365269,0.8001178549791579
67,2018-06-22,0.14224550166298455,0.0699520502829579
68,2018-06-25,0.021324711956536332,0.007549506094537833
69,2018-06-27,0.0,0.0
70,2018-06-30,0.008391457882063432,0.00046707862030998817
71,2018-07-02,0.05064479099162995,0.0044345828821294505
72,2018-07-05,0.08947821629356269,0.03433491883223157
73,2018-07-07,0.7406791019203125,0.6193407516918102
74,2018-07-10,0.0,0.0
75,2018-07-12,0.0,0.0
76,2018-07-15,0.14417177558208039,0.12502298147557142
77,2018-07-17,0.07510970552835795,0.02577767583995115
78,2018-07-20,0.5186050792818603,0.3641192635177814
79,2018-07-22,0.7743275874322574,0.6555919067895679
80,2018-07-25,0.11452246754753924,0.04760335234034723
81,2018-07-27,0.15078622781485634,0.0599703956261336
82,2018-07-30,0.9989710317426836,0.9931409620012843
83,2018-08-01,0.9982804406055272,0.9920722283966379
84,2018-08-04,0.9624049482650961,0.8992659652314376
85,2018-08-06,0.9802103894418227,0.9335069306740822
86,2018-08-09,0.23838293346513875,0.10277975972678484
87,2018-08-11,0.37111691839478056,0.19020037482942248
88,2018-08-14,0.638368051912183,0.472715547415838
89,2018-08-16,0.9876938854098458,0.9653832833817964
90,2018-08-19,0.4246554707676331,0.28684838314643585
91,2018-08-21,0.7303707016632317,0.4958932491859279
92,2018-08-24,0.05096181179233857,0.0018185847045297
93,2018-08-29,0.0014594524637884666,2.3077946096377124e-05
94,2018-08-31,0.8820963409693224,0.7512346996697032
95,2018-09-03,0.0,0.0
96,2018-09-05,0.7992134773943844,0.5036440274413827
97,2018-09-08,0.9995969788785333,0.9969847570204428
98,2018-09-10,0.9745341474869806,0.9077816116327926
99,2018-09-13,0.1873329864764869,0.14563006979371923
100,2018-09-15,0.00399512886709,0.0
101,2018-09-18,0.002531634832802636,7.33064808506739e-05
102,2018-09-20,0.0009876096100442293,0.0
103,2018-09-23,0.9850923370519493,0.9501764616061535
104,2018-09-25,0.998663709502386,0.9977553410631868
105,2018-09-28,0.0,0.0
106,2018-09-30,0.9651736726536879,0.8381527525273903
107,2018-10-03,0.9977418172354285,0.9913808294082823
108,2018-10-05,0.0,0.0
109,2018-10-08,0.5707656101793216,0.35396916302440196
110,2018-10-10,0.3793962447851673,0.1078740954804194
111,2018-10-13,0.9111724053517474,0.8262244848353828
112,2018-10-15,0.9742476625329374,0.8318323214541516
113,2018-10-18,0.7678812236173771,0.4063866753174186
114,2018-10-20,0.9989723624699739,0.9987132364599738
115,2018-10-23,0.7157870840857368,0.6103477970433552
116,2018-10-25,0.987071325510688,0.9483940928473615
117,2018-10-28,0.03981644760516564,0.015984469958509235
118,2018-10-30,0.981669971313057,0.9067478430431751
119,2018-11-02,0.9997678121256531,0.9997792669508024
120,2018-11-04,0.9946362246854505,0.9814702014172817
121,2018-11-07,0.0413499037006916,0.012856429834088698
122,2018-11-09,0.5685543946682281,0.13327578371821025
123,2018-11-12,0.9995571068213511,0.9972047220591728
124,2018-11-14,0.9971152992989822,0.9931917916874438
125,2018-11-17,0.1820827402722129,0.11757482431500273
126,2018-11-19,0.4224010956835129,0.18852288657002106
127,2018-11-22,0.46288550430107683,0.212315977495235
128,2018-11-24,0.49978853707369497,0.3788908292065901
129,2018-11-27,0.11547634661728763,0.06698762313706673
130,2018-11-29,0.0,0.0
131,2018-12-02,0.0,0.0
132,2018-12-04,0.22160369507294214,0.07181795584984915
133,2018-12-07,0.4116630982820782,0.2582333446384706
134,2018-12-09,0.9972635814061628,0.9956094754121546
135,2018-12-12,0.8059060081100647,0.696820042710185
136,2018-12-14,0.9943982026165858,0.9670755980841623
137,2018-12-17,0.8152513267069427,0.6787442883401575
138,2018-12-19,0.9969647567516815,0.9931389060020615
139,2018-12-24,0.9843147489656671,0.90312276837817
140,2018-12-27,0.5160918673256426,0.24477560196935708
141,2018-12-29,0.910315258069919,0.799793242522417
142,2019-01-01,0.20111483778038886,0.06657521713602327
143,2019-01-03,0.9968006311702333,0.9913016558759471
144,2019-01-06,0.9679484763364341,0.8983785026296816
145,2019-01-08,0.9969239301690092,0.9916168847003235
146,2019-01-11,0.56742358794188,0.4575389511891264
147,2019-01-13,0.9952865937410433,0.9704623697670807
148,2019-01-16,0.88130255754659,0.813221914091101
149,2019-01-21,0.24028786367445334,0.05672142363244124
150,2019-01-23,0.9967917085139374,0.9924675964569772
151,2019-01-26,0.9967273235892281,0.981908218359211
152,2019-01-28,0.9970081403567546,0.9863456810628911
153,2019-01-31,0.0,0.0
154,2019-02-02,0.00018983410441894208,0.0
155,2019-02-05,0.4496250673016105,0.4024079319518548
156,2019-02-07,0.8661066169771663,0.7793656677691198
157,2019-02-10,0.0,0.0
158,2019-02-12,0.9517865039764546,0.8434882010527895
159,2019-02-15,0.013914323606971401,0.0005775657277594359
160,2019-02-17,0.9969512259396902,0.9921470944759763
161,2019-02-20,0.7981445037569536,0.5567084171082994
162,2019-02-22,0.4860226873359088,0.2965850587420459
163,2019-02-25,0.5463493280305685,0.41012264150340183
164,2019-02-27,0.4486232452487101,0.28723164257368183
165,2019-03-02,0.42734641682481694,0.36972083868814054
166,2019-03-04,0.8436859411112771,0.7247851442305627
167,2019-03-07,0.9991741725686079,0.9936777011864173
168,2019-03-09,0.0029663993541602,0.00028151353256626686
169,2019-03-12,9.524867044477742e-05,0.0
170,2019-03-14,0.5634342160034714,0.44983133893019867
171,2019-03-17,0.9985650621802288,0.9931319530541428
172,2019-03-19,0.39355891530101045,0.35171491771386354
173,2019-03-22,0.9990369956131347,0.99240735915563
174,2019-03-24,0.9970299630982109,0.994018692420853
175,2019-03-27,0.007061782314245566,0.0036255641127522337
176,2019-03-29,0.9969952508992779,0.9937528600509986
177,2019-04-01,0.0335739155690833,0.005844200922959934
178,2019-04-03,0.9964423842588026,0.9881347725373012
179,2019-04-06,0.0,0.0
180,2019-04-08,0.99691645067592,0.9915233901374598
181,2019-04-11,0.6731442718219814,0.5251712190525515
182,2019-04-13,0.6104830214520538,0.4886814654543028
183,2019-04-16,0.03482938422983284,0.0192311604122586
184,2019-04-18,0.0,0.0
185,2019-04-21,0.012485545026882027,0.0004993214141187112
186,2019-04-23,0.0,0.0
187,2019-04-26,0.0,0.0
188,2019-04-28,0.8744237572906264,0.8246170960170449
189,2019-05-01,0.8507427141065871,0.8259719530339812
190,2019-05-03,0.996705084963563,0.9891891049159491
191,2019-05-06,0.9987401166694361,0.9913111612063314
192,2019-05-08,0.4806608192626843,0.3921206772258899
193,2019-05-11,0.8256002701278847,0.7248423649611678
194,2019-05-13,0.0,0.0
195,2019-05-16,0.9993596598316814,0.9968481926803124
196,2019-05-18,0.23081829047194435,0.14843151076246514
197,2019-05-23,0.9971403815954837,0.9929857263241261
198,2019-05-26,0.6557345815322413,0.582384584425343
199,2019-05-28,0.870913035749983,0.7833791141232989
200,2019-05-31,0.9977998082531739,0.9815651730523056
201,2019-06-02,0.9540102649830733,0.8807551599809901
202,2019-06-05,0.0,0.0
203,2019-06-07,0.4280191502522754,0.31207947288777693
204,2019-06-10,0.0630294429231526,0.012058884112659032
205,2019-06-12,0.99385166452187,0.9823726000026693
206,2019-06-15,0.9144315745356826,0.7851392697313697
207,2019-06-17,0.7278494253595205,0.4735685229532993
208,2019-06-20,0.09178936529055437,0.018999533605871234
209,2019-06-22,0.9972023077455232,0.9939457480466948
210,2019-06-25,0.2080622507612491,0.17110469755666266
211,2019-06-27,0.1479636997537159,0.09714000831690275
212,2019-06-30,0.029369991856617098,0.0029289255983330664
213,2019-07-02,0.5383353681115675,0.39378872225001393
214,2019-07-05,0.2507969071512916,0.1965618696335276
215,2019-07-07,0.1765108894147342,0.04624678569491385
216,2019-07-10,0.0,0.0
217,2019-07-12,0.18054993388408136,0.0635171083885824
218,2019-07-15,0.0033040825232935,0.00021424872761532555
219,2019-07-17,0.0,0.0
220,2019-07-20,0.0001903904231452038,0.0
221,2019-07-22,0.00318140708381645,0.0
222,2019-07-25,0.0,0.0
223,2019-07-27,0.1416844395525062,0.06758113646611566
224,2019-07-30,0.0016728260037470668,0.0
225,2019-08-01,0.0,0.0
226,2019-08-04,0.6343592782017966,0.44714475190932085
227,2019-08-06,0.9635945803262111,0.8804586892225318
228,2019-08-09,0.7110473394530489,0.5401238626325979
229,2019-08-11,0.8489435258766178,0.6822515882590849
230,2019-08-14,0.8207820389834123,0.6616400691941176
231,2019-08-16,0.9154570745165582,0.8281059971558011
232,2019-08-19,0.9760252737898386,0.92224672218713
233,2019-08-21,0.012953089453952401,0.0
234,2019-08-24,0.0,0.0
235,2019-08-26,0.3361275395705104,0.08498914460170334
236,2019-08-29,0.9041001515386674,0.8739505336475598
237,2019-08-31,0.9588026147074193,0.7992178401567025
238,2019-09-03,0.3041511740025578,0.24768409877708827
239,2019-09-05,0.0,0.0
240,2019-09-08,0.08251312260999157,0.013542242985396392
241,2019-09-10,0.0,0.0
242,2019-09-13,0.20771811349429367,0.11502159766115154
243,2019-09-15,0.4500683142992306,0.1774489279246669
244,2019-09-18,0.9973628430694421,0.9806531998680622
245,2019-09-20,0.0,0.0
246,2019-09-23,0.9996269158248792,0.9979205406500503
247,2019-09-25,0.0168045520732128,0.0009298890050113654
248,2019-09-28,0.8889142351382904,0.8610611732533505
249,2019-09-30,0.6056158310727444,0.37062188356087034
250,2019-10-03,0.7076917656171883,0.5294618766371276
251,2019-10-05,0.47698372265241035,0.2348960537718685
252,2019-10-08,0.999677972097663,0.999341542517584
253,2019-10-10,0.0,0.0
254,2019-10-13,0.997832577173548,0.9911494251512071
255,2019-10-15,0.9731004124048486,0.8485416692319909
256,2019-10-18,0.0624099285454677,0.008617917739041067
257,2019-10-20,0.9958453372635553,0.9772847827129053
258,2019-10-23,0.0,0.0
259,2019-10-25,0.5187615131141873,0.4399967715559393
260,2019-10-28,0.36471409035492436,0.1533768554898721
261,2019-10-30,0.9931718111562957,0.953371046280088
262,2019-11-02,0.004311850817735367,0.00019840558404149783
263,2019-11-04,0.9972042070890942,0.9949272375681865
264,2019-11-07,0.9994461795353167,0.9968549349151177
265,2019-11-09,0.9971703559868229,0.994737365486172
266,2019-11-12,0.05018546828673343,0.012349964243571035
267,2019-11-14,0.9957728330506627,0.9754507987011178
268,2019-11-17,0.0,0.0
269,2019-11-19,0.3959916864140133,0.29405922443570853
270,2019-11-22,0.9997686983841829,0.9997792669508022
271,2019-11-24,0.0,0.0
272,2019-11-27,0.5627154691901078,0.4444374033787328
273,2019-11-29,0.9963352939080388,0.983547727526277
274,2019-12-02,0.23377471714877174,0.0448617048089009
275,2019-12-04,0.9864051057115877,0.9767415585522108
276,2019-12-07,0.3156800028971111,0.19573249113111632
277,2019-12-09,0.02943446803940555,0.0082800093700053
278,2019-12-12,0.9684099825376319,0.9183218784449414
279,2019-12-14,0.9968180044498041,0.9901194620245499
280,2019-12-17,0.43614724559966583,0.26840204418726865
281,2019-12-19,0.9969539098453739,0.9928338885907153
282,2019-12-22,0.8283010198903952,0.5972351073746806
283,2019-12-24,0.9965913380075666,0.9870691541492813
284,2019-12-27,0.8244650629675044,0.7265303882973905
285,2019-12-29,0.0,0.0
286,2020-01-03,0.9970495353707911,0.9935238660495598
287,2020-01-06,0.0,0.0
288,2020-01-08,0.02409685784714595,0.000192435545648967
289,2020-01-11,0.9848950978607065,0.9119437882531923
290,2020-01-13,0.8262577201883932,0.692278880972909
291,2020-01-16,0.9715999487527857,0.9530428247234747
292,2020-01-18,0.9971233772235294,0.9951799839839801
293,2020-01-21,0.8711048241698646,0.7824879279150311
294,2020-01-23,0.9949916575819862,0.9751700897845399
295,2020-01-26,0.8577863487743254,0.7800790496062103
296,2020-01-28,0.0,0.0
297,2020-01-31,0.8297589379518895,0.693017836526031
298,2020-02-02,4.3557834599141604e-05,0.0
299,2020-02-05,0.7910762379968794,0.5891107753485759
300,2020-02-07,8.990712079211846e-05,0.0
301,2020-02-10,0.9991268421510667,0.9921219494999027
302,2020-02-12,0.0,0.0
303,2020-02-15,0.009098852873556945,1.2166935217964562e-06
304,2020-02-17,0.20207979182602298,0.0036836950075211
305,2020-02-20,0.8075367526453242,0.6857896846473821
306,2020-02-22,0.8203346263956968,0.679059052982558
307,2020-02-25,0.0002891124260153065,0.0
308,2020-02-27,0.9970216174442355,0.9925430022399976
309,2020-03-01,0.5789717573306713,0.47782859759364466
310,2020-03-03,0.29692788477493065,0.07259248186293765
311,2020-03-06,0.15276807442370335,0.0536334082343495
312,2020-03-08,0.9960168991775771,0.9824412759237193
313,2020-03-11,0.9993780476257023,0.9951236719859793
314,2020-03-13,0.570037516212851,0.4738265527527683
315,2020-03-16,0.9980683911596208,0.9944282776533782
316,2020-03-18,0.10575284161760415,0.047982794185327304
317,2020-03-21,0.020656831877229567,0.0079376430103659
318,2020-03-23,0.9948232998684496,0.9765239892213564
319,2020-03-26,0.0,0.0
320,2020-03-28,0.5686964192975367,0.49253560868591173
321,2020-03-31,0.6889810473601656,0.6110377592765502
322,2020-04-02,0.5898868120806682,0.43205428721309513
323,2020-04-05,0.9995784963091707,0.9982501102635495
324,2020-04-07,0.8341789039454394,0.6839090916518373
325,2020-04-10,0.8679722190241764,0.7689997583605871
326,2020-04-12,0.9941049210552323,0.973067584794227
327,2020-04-15,0.4139324480999724,0.3115226647597054
328,2020-04-17,0.02444284667543905,0.0016932816540231
329,2020-04-20,0.015880749672633084,0.0030251755630585665
330,2020-04-22,0.3799817014100382,0.0955013522793518
331,2020-04-25,0.7832894169491342,0.7206556252850591
332,2020-04-27,0.9746550886937718,0.9362720639413068
333,2020-04-30,0.0,0.0
334,2020-05-02,0.0,0.0
335,2020-05-05,0.0,0.0
336,2020-05-07,0.40886238389988094,0.35166870286160656
337,2020-05-10,0.0004901222992539264,0.0
338,2020-05-12,0.8827362983403837,0.7792613040801064
339,2020-05-15,0.0,0.0
340,2020-05-20,0.10744958484067442,0.061156475074581634
341,2020-05-22,0.0,0.0
342,2020-05-25,1.7706879432529927e-07,0.0
343,2020-05-27,0.9970174900396409,0.9908991511677319
344,2020-05-30,0.8170443905362692,0.7142185212979287
345,2020-06-01,0.8519431093631811,0.7922993308008668
346,2020-06-04,0.007916062814044866,0.0017746013859611571
347,2020-06-06,0.8469046430265379,0.742763640474349
348,2020-06-09,0.8477185617226398,0.7560438288216945
349,2020-06-11,0.8782853682339314,0.8163835585285131
350,2020-06-14,0.5552377593402783,0.36393389354334293
351,2020-06-16,0.5135267857980994,0.4306340543427756
352,2020-06-19,0.9491056910721061,0.8893894635350718
353,2020-06-21,0.351268569186388,0.25016196648591804
354,2020-06-24,0.0,0.0
355,2020-06-26,0.3042773150870137,0.176388048223864
356,2020-06-29,0.0,0.0
357,2020-07-01,0.12716747595610756,0.09961880621686794
358,2020-07-04,0.6996340582440155,0.5325616903750354
359,2020-07-06,0.4129588463934673,0.2455717274555075
360,2020-07-09,0.14947469979508757,0.05912960076833079
361,2020-07-11,0.10559219408740865,0.042339242763749646
362,2020-07-14,0.0012226742597584667,0.0
363,2020-07-16,0.9856377804722063,0.9564671852067204
364,2020-07-21,0.9237761359980416,0.8183752449990702
365,2020-07-24,0.0,0.0
366,2020-07-26,0.9618386238604952,0.9029234644626639
367,2020-07-29,0.0,0.0
368,2020-07-31,0.00334589009053395,0.0
369,2020-08-03,0.0,0.0
370,2020-08-05,0.0,0.0
371,2020-08-08,0.0,0.0
372,2020-08-10,0.0009080240331347776,0.0
373,2020-08-13,0.0,0.0
374,2020-08-15,0.0,0.0
375,2020-08-18,0.10991219631573647,0.026253170170758334
376,2020-08-20,0.20266658543042665,0.17338755542340634
377,2020-08-23,0.6336992575998172,0.492295873488981
378,2020-08-25,0.9558562678553827,0.8914259227620689
379,2020-08-28,0.0003840472235978076,0.0
380,2020-08-30,0.01545387501943285,0.0004416326968722168
381,2020-09-02,0.0,0.0
382,2020-09-04,0.9454694259877692,0.8279164834061828
383,2020-09-07,0.0,0.0
384,2020-09-09,0.23834509075803534,0.0476632048096632
385,2020-09-12,0.0,0.0
386,2020-09-14,0.32230867952916253,0.042389008266039946
387,2020-09-17,0.0,0.0
388,2020-09-19,0.9880589743773653,0.9372811290475738
389,2020-09-22,0.9997335017055868,0.9994626637513511
390,2020-09-24,0.8716968177696188,0.7485604480287245
391,2020-09-27,0.999718297194463,0.9994380277977496
392,2020-09-29,0.09332601627128664,0.05207930020123275
393,2020-10-02,0.019846853536769935,0.009676169372911573
394,2020-10-04,0.003599897814971352,9.166987549152306e-05
395,2020-10-07,0.6251948254539627,0.4614444217298241
396,2020-10-09,0.9972404044597027,0.9947645237553531
397,2020-10-12,0.8034712005460211,0.5388980769649961
398,2020-10-14,0.0,0.0
399,2020-10-17,0.9978098078835492,0.981995437676653
400,2020-10-19,0.9426400378560542,0.8157427992029611
401,2020-10-22,0.8191004735398703,0.6183501477184965
402,2020-10-24,0.9968906325710201,0.9930407978075617
403,2020-10-27,0.8414309747700356,0.7077638327711226
404,2020-10-29,0.996960501262265,0.9924918194748894
405,2020-11-01,0.0679399271300644,0.0276690127515706
406,2020-11-03,0.4761082257822641,0.12554839124149225
407,2020-11-06,0.0002604241833125542,0.0
408,2020-11-08,0.9972317664036703,0.9951855784469719
409,2020-11-11,0.9997598356191632,0.9997792669508022
410,2020-11-13,0.7040141127968067,0.5834984586039835
411,2020-11-16,0.7871945220041319,0.6617117368394905
412,2020-11-18,0.0,0.0
413,2020-11-21,0.49704581968786865,0.32659440144996926
414,2020-11-23,0.9244288455315308,0.799017942697845
415,2020-11-26,0.9939777687778418,0.972111508971602
416,2020-11-28,0.8861598312790923,0.6684842804458421
417,2020-12-01,0.9896661796570404,0.949878056564926
418,2020-12-03,0.8170049082153994,0.6185096028465902
419,2020-12-06,0.8722435979055714,0.7798158695563702
420,2020-12-08,0.7902858879560485,0.757517577312002
421,2020-12-11,0.5237342467696999,0.3922135064194561
422,2020-12-13,0.0,0.0
423,2020-12-16,0.625167946239713,0.49551983227157653
424,2020-12-18,0.43242030937263576,0.4077864036747193
425,2020-12-21,0.46291890200655167,0.3259462161444096
426,2020-12-23,0.0,0.0
427,2020-12-26,0.999596973159889,0.9974191992550691
428,2020-12-28,0.45094315593105816,0.37652536658699465
429,2020-12-31,0.27205159058780953,0.13282129971294485
430,2021-01-02,0.9919097512894365,0.958033148078741
431,2021-01-05,0.4545498885750081,0.29754577215826183
432,2021-01-07,0.47880810739775825,0.0881683923188506
433,2021-01-10,0.6932696996954039,0.5868657845230364
434,2021-01-12,0.28697628271399234,0.1075577479310961
435,2021-01-15,0.06339031741893017,0.034762641201504726
436,2021-01-17,0.781146591822113,0.6910197260881767
437,2021-01-20,0.9997232917129705,0.9995183124680156
438,2021-01-22,2.837812062458249e-06,0.0
439,2021-01-25,0.0,0.0
440,2021-01-27,0.7784079058121751,0.7039094234389145
441,2021-01-30,0.9985584022452091,0.9885449399983388
442,2021-02-01,0.00421619928888945,0.0
443,2021-02-04,0.9997111756846984,0.9995828557066982
444,2021-02-06,0.494008244736302,0.4483085572303137
445,2021-02-09,0.9994382334265294,0.9957783377619501
446,2021-02-11,0.000336931530166781,0.0
447,2021-02-14,0.0,0.0
448,2021-02-16,0.0,0.0
449,2021-02-19,0.8984322884669235,0.8705125248797042
450,2021-02-21,0.996324453619329,0.9821055765156321
451,2021-02-24,0.3737666989126642,0.3099376555503352
452,2021-02-26,0.9917625627393417,0.9537547320377238
453,2021-03-01,0.0,0.0
454,2021-03-03,0.26548933529312435,0.18340895185611472
455,2021-03-06,0.39398282825343617,0.30606292454278866
456,2021-03-08,0.9972329805756882,0.9934894225081152
457,2021-03-11,0.267951125192863,0.11917846646488202
458,2021-03-13,0.26678970347771946,0.18456595782150303
459,2021-03-16,0.9968623419358483,0.9802218354830972
460,2021-03-18,0.3504821596278262,0.3044413684200984
461,2021-03-21,0.8736120733194893,0.711510684280617
462,2021-03-23,0.9832415254554125,0.9471864839984795
463,2021-03-26,0.0,0.0
464,2021-03-28,0.0528515927757823,0.0019394517300606999
465,2021-03-31,0.9989463028413912,0.9929905255633903
466,2021-04-02,1.2561242337014114e-07,0.0
467,2021-04-05,0.9991953177192691,0.9969607683186851
468,2021-04-07,0.9967191652131462,0.9898453985617537
469,2021-04-10,0.923344999772516,0.856247017512317
470,2021-04-12,0.0,0.0
471,2021-04-15,0.788445221876139,0.7106077900211418
472,2021-04-17,0.9354162276036436,0.8185240736608846
473,2021-04-20,0.8905722318998494,0.8366395876733007
474,2021-04-22,0.0,0.0
475,2021-04-25,0.9986761764033307,0.9912363542021256
476,2021-04-27,0.0,0.0
477,2021-04-30,0.21775794221046016,0.12303429463554906
478,2021-05-02,0.9970861702638574,0.9926838908005267
479,2021-05-05,0.9991884091396469,0.9954191113626218
480,2021-05-07,0.8247847864554548,0.7466571101912178
481,2021-05-10,0.0,0.0
482,2021-05-12,0.18446055259268684,0.08426556781533395
483,2021-05-15,0.0,0.0
484,2021-05-17,0.0,0.0
485,2021-05-20,0.0,0.0
486,2021-05-22,0.9971703528810294,0.993267745605643
487,2021-05-25,0.904124426527277,0.8227053748040708
488,2021-05-27,0.1783271619716823,0.062472205329443004
489,2021-05-30,0.940062576432398,0.9019983524381172
490,2021-06-01,0.0,0.0
491,2021-06-04,0.9779283088535212,0.949473890885944
492,2021-06-06,0.5305644671656753,0.45300296411144303
493,2021-06-09,0.5556915981508105,0.45381294128922495
494,2021-06-11,0.03551069045087695,0.00416323895322255
495,2021-06-14,0.010153725836980966,0.003425021876978167
496,2021-06-16,0.9753198962022323,0.8916156593347472
497,2021-06-19,0.09157843174380324,0.052520866500192276
498,2021-06-21,0.19697855251262594,0.112133317731984
499,2021-06-24,0.08779790466202382,0.0513383865288233
500,2021-06-26,0.0,0.0
501,2021-06-29,0.6556338947842363,0.5581479123915739
502,2021-07-01,0.4761313068505627,0.3548634714862028
503,2021-07-04,8.622091488323015e-07,0.0
504,2021-07-06,0.21183328548420627,0.15296799136537353
505,2021-07-09,0.006446603715756138,0.0001805115671969261
506,2021-07-11,0.0,0.0
507,2021-07-14,0.0,0.0
508,2021-07-16,0.9201253352838741,0.8539911579755477
509,2021-07-19,0.6802094158931794,0.5046434936723131
510,2021-07-21,0.9734695710950942,0.9184616661541206
511,2021-07-24,0.9376388802561486,0.8570944367996108
512,2021-07-26,0.992260077998333,0.9784019093357357
513,2021-07-29,0.34041392034448004,0.28591211288645146
514,2021-07-31,0.9847689464733531,0.953170118607063
515,2021-08-03,0.793032755064108,0.6278180054613541
516,2021-08-05,0.7108299386481214,0.5660574986734837
517,2021-08-08,0.16272443490315722,0.09503036868461186
518,2021-08-10,0.9047217285738525,0.7843033700217918
519,2021-08-13,0.0,0.0
520,2021-08-15,0.997240717682532,0.9944488018042796
521,2021-08-18,0.6580881820224822,0.45345283929735225
522,2021-08-20,0.0,0.0
523,2021-08-23,0.0,0.0
524,2021-08-25,0.2441863005047894,0.06759827763524659
525,2021-08-28,0.8749839871279965,0.7166010033314936
526,2021-08-30,0.0,0.0
527,2021-09-02,0.13026748084612585,0.06337415585511434
528,2021-09-04,0.31371463364413577,0.2500650583906811
529,2021-09-07,0.0086122219250752,8.547418435807529e-05
530,2021-09-09,0.4483170957853237,0.15515088488083825
531,2021-09-12,0.7794004954449173,0.6297406014844187
532,2021-09-14,0.9175652953153154,0.9003890766776965
533,2021-09-17,0.5265611574897667,0.4558701760226818
534,2021-09-19,0.02065246400566885,0.0043165535392878
535,2021-09-22,0.7218659123104519,0.4294294576393242
536,2021-09-24,0.341179280196252,0.22324717359643514
537,2021-09-27,6.73781815945602e-06,0.0
538,2021-09-29,0.0,0.0
539,2021-10-02,0.989207705877902,0.9563353181495274
540,2021-10-04,0.0,0.0
541,2021-10-07,0.0018970239403368668,6.135433723371621e-05
542,2021-10-09,3.4707441883718795e-06,0.0
543,2021-10-12,0.14434887646940053,0.04820830050284863
544,2021-10-14,0.9912801033097893,0.9362845015334497
545,2021-10-17,0.9992517315286539,0.9935609284512279
546,2021-10-19,0.7766065770896026,0.24128819778760885
547,2021-10-22,0.9900906034663352,0.9603560273974753
548,2021-10-24,0.9787438897118763,0.9145183782317612
549,2021-10-27,0.9997508853602223,0.9997792669508022
550,2021-10-29,0.7154335949489772,0.46696510640804334
551,2021-11-01,0.3545129206020567,0.0623078815657199
552,2021-11-03,0.20869402016470884,0.07996741029163405
553,2021-11-06,0.4468177960915081,0.3348792972782843
554,2021-11-08,0.16737787044662925,0.0340520953027804
555,2021-11-11,0.4217684714041467,0.14856037267218006
556,2021-11-13,0.4479462141522286,0.22895664276314137
557,2021-11-16,0.9985403249253778,0.9864561852606725
558,2021-11-18,0.38394043315736553,0.17322534529595415
559,2021-11-21,0.0,0.0
560,2021-11-23,0.07384686919128,0.0072083738440505505
561,2021-11-26,0.539669506975272,0.4122489387797977
562,2021-11-28,0.9969249503475008,0.9911910355970563
563,2021-12-01,0.26181184850642497,0.031109042026798598
564,2021-12-03,0.9191605250418132,0.7407771959619571
565,2021-12-06,0.06113552260390911,0.02766770969304473
566,2021-12-08,0.9971092121211668,0.9936401053110027
567,2021-12-11,0.17655266534122646,0.08189748737390687
568,2021-12-13,0.9972764934555332,0.9952985355384105
569,2021-12-16,0.9833216501363174,0.9457796165979798
570,2021-12-18,0.013586748809471399,0.00329209143541945
571,2021-12-21,0.8031768646416254,0.7413945702255483
572,2021-12-23,0.8851901114991148,0.8167972830784147
573,2021-12-26,0.6169560813601077,0.4323400827934696
574,2021-12-28,0.0011018610481988,0.0
575,2021-12-31,0.7605475764145425,0.6303093806276544
