Date,cf_200,cf_2000
2018-01-03,0.406892,0.251609
2018-01-05,0.000000,0.000000
2018-01-06,0.001967,0.000000
2018-01-10,0.993237,0.945829
2018-01-11,0.000000,0.000000
2018-01-13,0.996748,0.966450
2018-01-16,0.854562,0.651244
2018-01-18,0.591153,0.537797
2018-01-20,0.998377,0.999129
2018-01-23,1.000027,1.000027
2018-01-25,0.000000,0.000000
2018-01-26,0.153354,0.063225
2018-01-30,0.998712,1.000932
2018-01-31,0.998330,0.998941
2018-02-02,0.956538,0.922755
2018-02-05,0.973822,0.921033
2018-02-07,0.994712,0.987562
2018-02-09,0.994330,0.953495
2018-02-10,0.007364,0.000695
2018-02-12,0.000000,0.000000
2018-02-14,0.032076,0.000235
2018-02-15,0.998204,0.996584
2018-02-17,0.999780,0.996702
2018-02-19,0.990568,0.922787
2018-02-20,0.995662,0.970211
2018-02-22,0.729538,0.612335
2018-02-24,0.991309,0.926247
2018-02-25,0.997911,0.993962
2018-02-27,0.111919,0.026597
2018-03-01,0.000000,0.000000
2018-03-02,0.089671,0.034321
2018-03-04,0.232770,0.008643
2018-03-06,0.973731,0.891797
2018-03-07,0.996701,0.998212
2018-03-09,1.000027,1.000027
2018-03-11,0.000000,0.000000
2018-03-12,0.000002,0.000000
2018-03-14,0.920039,0.736306
2018-03-16,0.000000,0.000000
2018-03-17,0.000000,0.000000
2018-03-19,0.000000,0.000000
2018-03-21,0.445529,0.291254
2018-03-22,0.997992,0.996696
2018-03-24,1.000027,1.000027
2018-03-26,0.999660,1.000947
2018-03-27,0.001955,0.000000
2018-03-29,0.473200,0.225967
2018-03-31,0.866502,0.401360
2018-04-01,0.998187,0.997055
2018-04-03,0.740337,0.537432
2018-04-05,0.000000,0.000000
2018-04-06,0.003161,0.000095
2018-04-08,0.905639,0.718883
2018-04-10,0.993321,0.941975
2018-04-11,0.575902,0.162777
2018-04-13,1.000017,1.000027
2018-04-15,0.999627,1.000927
2018-04-16,0.998460,0.999017
2018-04-18,0.002108,0.000000
2018-04-20,0.997945,0.993840
2018-04-21,0.884778,0.752749
2018-04-23,1.000027,1.000027
2018-04-25,0.044500,0.000938
2018-04-26,0.996805,0.991093
2018-04-28,1.000027,1.000027
2018-04-30,0.079392,0.037526
2018-05-01,0.382284,0.250272
2018-05-03,1.000027,1.000027
2018-05-05,0.665841,0.439071
2018-05-06,0.000000,0.000000
2018-05-08,0.003015,0.000000
2018-05-10,0.000000,0.000000
2018-05-11,0.000000,0.000000
2018-05-13,0.033674,0.000000
2018-05-15,0.142947,0.019845
2018-05-16,0.003643,0.000000
2018-05-18,0.000000,0.000000
2018-05-20,0.119407,0.102973
2018-05-21,0.072697,0.003112
2018-05-23,0.000000,0.000000
2018-05-25,0.554681,0.142874
2018-05-26,0.000064,0.000000
2018-05-28,0.000000,0.000000
2018-05-30,0.320510,0.170680
2018-05-31,0.158598,0.099941
2018-06-02,0.000439,0.000000
2018-06-04,0.000508,0.000000
2018-06-05,0.001603,0.000000
2018-06-07,0.987079,0.963025
2018-06-09,0.000000,0.000000
2018-06-10,0.012562,0.000000
2018-06-12,0.000000,0.000000
2018-06-14,0.001252,0.000000
2018-06-15,0.042987,0.000320
2018-06-17,0.696419,0.502550
2018-06-19,0.000000,0.000000
2018-06-20,0.000000,0.000000
2018-06-22,0.002400,0.000000
2018-06-24,0.015304,0.000570
2018-06-25,0.154103,0.007154
2018-06-27,0.124610,0.001675
2018-06-29,0.000000,0.000000
2018-06-30,0.192593,0.034059
2018-07-02,0.000000,0.000000
2018-07-04,0.109903,0.001239
2018-07-05,0.532441,0.368948
2018-07-07,0.000000,0.000000
2018-07-09,0.001870,0.000000
2018-07-10,0.000000,0.000000
2018-07-12,0.990396,0.931850
2018-07-14,0.002266,0.000000
2018-07-15,0.000674,0.000000
2018-07-17,0.000000,0.000000
2018-07-19,0.074725,0.000000
2018-07-20,0.027304,0.000108
2018-07-22,0.018145,0.002048
2018-07-24,0.254459,0.113293
2018-07-25,0.000000,0.000000
2018-07-27,0.996340,0.985110
2018-07-29,0.000000,0.000000
2018-07-30,0.112667,0.003074
2018-08-01,0.031870,0.000000
2018-08-03,0.640211,0.372769
2018-08-04,0.730032,0.286548
2018-08-06,0.099382,0.008980
2018-08-08,0.882680,0.436884
2018-08-09,0.344311,0.094164
2018-08-11,0.001740,0.000000
2018-08-13,0.005649,0.000000
2018-08-14,0.549371,0.349178
2018-08-16,0.349034,0.065073
2018-08-18,0.000000,0.000000
2018-08-19,0.000000,0.000000
2018-08-21,0.919840,0.553373
2018-08-23,0.000000,0.000000
2018-08-24,0.097441,0.003194
2018-08-26,0.004944,0.000000
2018-08-28,0.000000,0.000000
2018-08-29,0.000902,0.000000
2018-08-31,0.709708,0.511251
2018-09-02,0.039599,0.009359
2018-09-03,0.000505,0.000000
2018-09-05,0.751983,0.477207
2018-09-07,0.008621,0.000000
2018-09-08,0.060260,0.001875
2018-09-10,0.000000,0.000000
2018-09-12,0.000063,0.000000
2018-09-13,0.078172,0.002111
2018-09-17,0.189416,0.010759
2018-09-18,0.047385,0.000000
2018-09-20,0.042037,0.003113
2018-09-22,0.000000,0.000000
2018-09-23,0.163207,0.035609
2018-09-25,0.000000,0.000000
2018-09-27,0.054077,0.000180
2018-09-28,0.000000,0.000000
2018-09-30,0.030392,0.003352
2018-10-02,0.001302,0.000000
2018-10-03,0.001076,0.000000
2018-10-05,0.000025,0.000000
2018-10-07,0.006720,0.000000
2018-10-08,0.100665,0.014222
2018-10-10,0.061878,0.000042
2018-10-12,0.740011,0.538216
2018-10-13,0.001466,0.000000
2018-10-15,0.042927,0.004095
2018-10-17,0.000000,0.000000
2018-10-18,0.128172,0.009281
2018-10-20,0.300905,0.154778
2018-10-22,0.210977,0.042134
2018-10-23,0.000166,0.000000
2018-10-25,0.000000,0.000000
2018-10-27,0.000874,0.000000
2018-10-28,0.998374,0.999689
2018-10-30,0.411170,0.170301
2018-11-01,0.004246,0.000000
2018-11-02,0.028653,0.007251
2018-11-04,0.000000,0.000000
2018-11-06,0.049879,0.019807
2018-11-07,0.000000,0.000000
2018-11-09,0.753525,0.621388
2018-11-11,0.000000,0.000000
2018-11-14,0.042093,0.016596
2018-11-16,0.567235,0.542355
2018-11-17,0.000001,0.000000
2018-11-19,1.000027,1.000027
2018-11-21,0.995701,1.000458
2018-11-22,0.000000,0.000000
2018-11-24,0.000000,0.000000
2018-11-26,0.277626,0.040737
2018-11-27,0.998886,0.995574
2018-11-29,0.997635,0.995546
2018-12-01,0.995458,0.986850
2018-12-02,0.517356,0.394585
2018-12-04,0.057294,0.029255
2018-12-06,0.943479,0.870547
2018-12-07,0.952373,0.850989
2018-12-09,0.000000,0.000000
2018-12-11,0.994982,0.981771
2018-12-12,0.996100,0.974898
2018-12-14,0.000350,0.000000
2018-12-16,0.000000,0.000000
2018-12-17,0.042240,0.012606
2018-12-19,0.000000,0.000000
2018-12-21,0.000000,0.000000
2018-12-22,0.000000,0.000000
2018-12-24,0.000000,0.000000
2018-12-26,0.141380,0.017410
2018-12-27,0.172459,0.049735
2018-12-29,0.000448,0.000000
2018-12-31,0.996885,1.000960
2019-01-01,0.694475,0.565395
2019-01-03,0.999643,0.997492
2019-01-05,0.050336,0.005191
2019-01-06,0.999029,0.998042
2019-01-08,0.965108,0.909926
2019-01-10,0.000000,0.000000
2019-01-11,0.000000,0.000000
2019-01-13,0.259587,0.070060
2019-01-15,0.941571,0.658504
2019-01-16,0.626734,0.427336
2019-01-18,1.000027,1.000027
2019-01-20,0.995627,1.000946
2019-01-21,0.998889,0.998486
2019-01-23,0.847423,0.735987
2019-01-25,0.000000,0.000000
2019-01-26,0.865079,0.655683
2019-01-28,0.007070,0.000122
2019-01-30,0.011639,0.000000
2019-01-31,0.050506,0.004149
2019-02-02,0.018020,0.001628
2019-02-04,0.978660,0.898109
2019-02-05,0.807472,0.656194
2019-02-07,0.945781,0.858927
2019-02-09,0.000000,0.000000
2019-02-10,0.000001,0.000000
2019-02-12,0.994081,0.976995
2019-02-14,0.993931,0.994134
2019-02-15,0.989124,0.956157
2019-02-17,0.050593,0.027467
2019-02-19,0.990462,0.949801
2019-02-20,0.997361,0.987973
2019-02-22,0.982359,0.881020
2019-02-24,0.994368,0.999326
2019-02-25,0.000000,0.000000
2019-02-27,0.000000,0.000000
2019-03-01,0.000000,0.000000
2019-03-02,0.985276,0.957827
2019-03-04,0.509534,0.357532
2019-03-06,0.712318,0.466056
2019-03-07,0.988248,0.861141
2019-03-09,0.341563,0.271464
2019-03-11,0.287706,0.025952
2019-03-12,0.008393,0.000770
2019-03-14,0.999862,0.997430
2019-03-16,0.000012,0.000000
2019-03-17,0.000005,0.000000
2019-03-19,0.996615,0.981647
2019-03-21,0.530921,0.328940
2019-03-22,0.611325,0.131215
2019-03-24,0.460968,0.105607
2019-03-26,0.160094,0.001174
2019-03-27,0.984819,0.948177
2019-03-29,0.852878,0.393889
2019-03-31,0.651657,0.437118
2019-04-01,0.122462,0.005073
2019-04-03,0.010399,0.001630
2019-04-05,0.848088,0.537325
2019-04-06,0.999246,0.999130
2019-04-08,0.341031,0.204519
2019-04-10,0.290695,0.189647
2019-04-11,0.997451,0.988954
2019-04-13,0.829281,0.718076
2019-04-15,0.994378,0.998338
2019-04-16,0.022622,0.004551
2019-04-18,0.900084,0.768654
2019-04-20,0.002525,0.000000
2019-04-21,0.183990,0.068201
2019-04-23,0.999628,0.995042
2019-04-25,0.969353,0.886644
2019-04-26,0.162958,0.031526
2019-04-28,0.000000,0.000000
2019-04-30,0.000000,0.000000
2019-05-01,0.000525,0.000000
2019-05-03,0.580654,0.234075
2019-05-05,0.623935,0.336694
2019-05-06,0.018767,0.004120
2019-05-08,0.000020,0.000000
2019-05-10,0.836448,0.450919
2019-05-11,0.000000,0.000000
2019-05-13,0.997344,0.984767
2019-05-15,0.994525,1.000675
2019-05-16,0.998859,0.998920
2019-05-18,0.998934,0.985911
2019-05-20,0.993212,0.988747
2019-05-21,0.000000,0.000000
2019-05-23,0.525832,0.361588
2019-05-25,0.873009,0.392648
2019-05-26,0.940021,0.892551
2019-05-28,0.000116,0.000000
2019-05-30,0.013721,0.000000
2019-05-31,0.000145,0.000000
2019-06-02,0.252368,0.034753
2019-06-04,0.000000,0.000000
2019-06-05,0.038616,0.000424
2019-06-07,0.000887,0.000000
2019-06-09,0.133733,0.002212
2019-06-10,0.460808,0.290531
2019-06-12,0.000000,0.000000
2019-06-14,0.000000,0.000000
2019-06-15,0.009315,0.000024
2019-06-17,0.004337,0.000000
2019-06-19,0.020862,0.000000
2019-06-20,0.086379,0.005306
2019-06-22,0.003144,0.000000
2019-06-24,0.471712,0.032192
2019-06-25,0.998852,0.997121
2019-06-27,0.018140,0.000309
2019-06-29,0.053557,0.000014
2019-06-30,0.614580,0.334349
2019-07-02,0.000000,0.000000
2019-07-04,0.149122,0.007845
2019-07-05,0.310912,0.026935
2019-07-07,0.000000,0.000000
2019-07-09,0.000000,0.000000
2019-07-10,0.164198,0.012926
2019-07-12,0.000000,0.000000
2019-07-14,0.000000,0.000000
2019-07-15,0.131028,0.017521
2019-07-17,0.000000,0.000000
2019-07-19,0.975637,0.791057
2019-07-20,0.000000,0.000000
2019-07-22,0.022946,0.002257
2019-07-24,0.015866,0.000000
2019-07-25,0.075173,0.010285
2019-07-27,0.911207,0.762396
2019-07-29,0.000000,0.000000
2019-07-30,0.785686,0.626717
2019-08-01,0.000001,0.000000
2019-08-03,0.002388,0.000000
2019-08-04,0.002613,0.000000
2019-08-06,0.000000,0.000000
2019-08-08,0.006150,0.000000
2019-08-09,0.000000,0.000000
2019-08-11,0.107747,0.007047
2019-08-13,0.000813,0.000000
2019-08-14,0.193808,0.014389
2019-08-16,0.007132,0.000181
2019-08-18,0.341504,0.120639
2019-08-19,0.000501,0.000000
2019-08-21,0.004957,0.000000
2019-08-23,0.698904,0.222377
2019-08-24,0.891663,0.539431
2019-08-26,1.000027,1.000027
2019-08-28,0.449686,0.286259
2019-08-29,0.000000,0.000000
2019-08-31,0.000000,0.000000
2019-09-02,0.000000,0.000000
2019-09-03,0.007757,0.000000
2019-09-05,0.000000,0.000000
2019-09-07,0.149356,0.015254
2019-09-08,0.000000,0.000000
2019-09-10,0.202069,0.049096
2019-09-12,0.149872,0.000317
2019-09-13,0.995353,0.967642
2019-09-17,0.265526,0.015781
2019-09-18,0.653575,0.519204
2019-09-20,0.056251,0.000446
2019-09-22,0.000000,0.000000
2019-09-25,1.000027,1.000027
2019-09-27,0.000000,0.000000
2019-09-28,0.000005,0.000000
2019-09-30,0.003777,0.000000
2019-10-02,0.000000,0.000000
2019-10-03,0.021510,0.000000
2019-10-05,0.000000,0.000000
2019-10-07,0.017729,0.004412
2019-10-08,0.000000,0.000000
2019-10-10,0.951245,0.860836
2019-10-12,0.999704,1.000925
2019-10-13,0.001719,0.000000
2019-10-15,0.000000,0.000000
2019-10-17,0.000000,0.000000
2019-10-18,0.000000,0.000000
2019-10-20,0.006167,0.000000
2019-10-22,0.338499,0.156067
2019-10-23,0.000000,0.000000
2019-10-25,0.001081,0.000000
2019-10-27,0.132580,0.018793
2019-10-28,0.000000,0.000000
2019-10-30,0.000000,0.000000
2019-11-01,0.453901,0.058387
2019-11-02,0.011356,0.000000
2019-11-04,0.001569,0.000000
2019-11-06,0.094753,0.007009
2019-11-07,0.000000,0.000000
2019-11-09,0.526595,0.279959
2019-11-11,0.157807,0.042683
2019-11-12,0.150564,0.032678
2019-11-14,0.981879,0.942552
2019-11-16,0.000000,0.000000
2019-11-17,0.000000,0.000000
2019-11-19,0.000000,0.000000
2019-11-21,0.367177,0.150971
2019-11-22,0.000000,0.000000
2019-11-24,0.487220,0.441314
2019-11-26,0.000000,0.000000
2019-11-27,0.043358,0.003087
2019-11-29,0.000040,0.000000
2019-12-01,0.000000,0.000000
2019-12-02,0.000000,0.000000
2019-12-04,0.650104,0.558840
2019-12-06,0.000000,0.000000
2019-12-07,0.372329,0.212384
2019-12-09,0.999805,0.998500
2019-12-11,0.774168,0.481189
2019-12-12,0.900014,0.842515
2019-12-14,1.000027,1.000027
2019-12-16,0.000000,0.000000
2019-12-17,0.000000,0.000000
2019-12-19,0.013775,0.002398
2019-12-21,0.031617,0.001160
2019-12-22,0.998977,0.997520
2019-12-24,0.462372,0.213983
2019-12-26,0.049800,0.007106
2019-12-27,0.009049,0.000165
2019-12-29,0.293826,0.140818
2019-12-31,0.585668,0.543055
2020-01-01,0.155622,0.076804
2020-01-03,0.307876,0.231991
2020-01-05,0.000000,0.000000
2020-01-06,0.998044,0.993904
2020-01-08,0.874445,0.807640
2020-01-10,0.994330,0.997894
2020-01-11,0.663756,0.379335
2020-01-13,0.999942,0.998855
2020-01-15,0.753816,0.331030
2020-01-16,0.958640,0.896282
2020-01-18,0.006902,0.000313
2020-01-20,0.992824,0.977842
2020-01-21,0.996423,0.977436
2020-01-23,0.231121,0.035614
2020-01-25,0.000000,0.000000
2020-01-26,0.507620,0.357657
2020-01-28,0.000000,0.000000
2020-01-30,0.000000,0.000000
2020-01-31,0.000000,0.000000
2020-02-04,0.802056,0.657523
2020-02-05,0.547212,0.361630
2020-02-07,0.835621,0.569363
2020-02-09,0.991899,0.972100
2020-02-10,0.962559,0.844045
2020-02-12,0.999769,0.997381
2020-02-14,0.993048,0.984379
2020-02-15,0.017373,0.001325
2020-02-17,0.995766,0.978865
2020-02-19,0.040392,0.002412
2020-02-20,0.994294,0.975209
2020-02-22,0.583480,0.188355
2020-02-24,0.993178,0.990603
2020-02-25,0.998048,0.995932
2020-02-27,1.000027,1.000027
2020-02-29,0.003349,0.000000
2020-03-01,0.997218,0.987725
2020-03-03,0.270442,0.008959
2020-03-05,0.008430,0.000000
2020-03-06,0.943989,0.867491
2020-03-08,0.993273,0.942227
2020-03-10,0.994266,1.000346
2020-03-11,0.939512,0.748295
2020-03-13,0.998181,0.995790
2020-03-15,0.993290,0.995670
2020-03-16,0.974125,0.884960
2020-03-18,0.465261,0.043666
2020-03-20,0.326814,0.177040
2020-03-21,0.060800,0.027181
2020-03-23,1.000027,1.000027
2020-03-25,0.508742,0.248362
2020-03-26,0.020348,0.000000
2020-03-28,1.000027,1.000027
2020-03-30,0.996671,0.999845
2020-03-31,0.554821,0.513582
2020-04-02,0.000000,0.000000
2020-04-04,0.232266,0.091434
2020-04-05,0.998464,0.996378
2020-04-07,0.169608,0.013307
2020-04-09,0.000000,0.000000
2020-04-10,0.430212,0.070577
2020-04-12,0.095684,0.002359
2020-04-14,0.000000,0.000000
2020-04-15,0.013875,0.000000
2020-04-17,0.010640,0.000000
2020-04-19,0.000000,0.000000
2020-04-20,0.994909,0.959751
2020-04-22,0.135719,0.049359
2020-04-24,0.000003,0.000000
2020-04-25,0.004955,0.000000
2020-04-27,1.000027,1.000027
2020-04-29,0.995783,1.000464
2020-04-30,0.948453,0.874832
2020-05-02,0.000116,0.000000
2020-05-04,0.990605,0.950137
2020-05-05,0.999447,0.998858
2020-05-07,0.006974,0.000039
2020-05-09,0.000000,0.000000
2020-05-10,0.006893,0.000000
2020-05-12,0.887412,0.553527
2020-05-14,0.355302,0.085912
2020-05-15,0.998061,0.985893
2020-05-17,0.113866,0.019664
2020-05-19,0.804397,0.653579
2020-05-20,0.015048,0.004557
2020-05-22,0.029378,0.000336
2020-05-24,0.995154,1.000742
2020-05-25,0.000000,0.000000
2020-05-27,0.710306,0.611743
2020-05-29,0.000000,0.000000
2020-05-30,0.000000,0.000000
2020-06-01,0.019722,0.000188
2020-06-03,0.000000,0.000000
2020-06-04,0.119704,0.024160
2020-06-06,0.000000,0.000000
2020-06-08,0.000000,0.000000
2020-06-09,0.012718,0.000623
2020-06-11,0.000000,0.000000
2020-06-13,0.020659,0.004625
2020-06-14,0.887216,0.692478
2020-06-16,0.598218,0.140645
2020-06-18,0.000000,0.000000
2020-06-19,0.483686,0.162549
2020-06-21,0.642700,0.462461
2020-06-23,0.000000,0.000000
2020-06-24,0.526410,0.234845
2020-06-26,0.000000,0.000000
2020-06-28,0.383423,0.183690
2020-06-29,0.157594,0.024384
2020-07-01,0.002269,0.000000
2020-07-03,0.020342,0.000000
2020-07-04,0.722291,0.257188
2020-07-06,0.006588,0.000000
2020-07-09,0.250250,0.013785
2020-07-11,0.000000,0.000000
2020-07-13,0.111378,0.000020
2020-07-14,0.830798,0.467104
2020-07-16,0.000391,0.000000
2020-07-18,0.000531,0.000000
2020-07-19,0.226484,0.009498
2020-07-21,0.024244,0.000280
2020-07-23,0.007638,0.000074
2020-07-24,0.000000,0.000000
2020-07-26,0.000141,0.000000
2020-07-28,0.999435,0.992850
2020-07-29,0.253471,0.058085
2020-07-31,0.926662,0.697299
2020-08-02,0.000000,0.000000
2020-08-03,0.013954,0.000000
2020-08-05,0.965822,0.841830
2020-08-07,0.840665,0.626976
2020-08-08,0.000848,0.000000
2020-08-10,0.009119,0.002479
2020-08-12,0.357771,0.028025
2020-08-13,0.036478,0.001816
2020-08-15,0.475222,0.245891
2020-08-17,0.160542,0.020237
2020-08-18,0.110543,0.032754
2020-08-20,0.000000,0.000000
2020-08-22,0.007166,0.000000
2020-08-23,0.083729,0.004928
2020-08-25,0.000000,0.000000
2020-08-27,0.000000,0.000000
2020-08-28,0.000000,0.000000
2020-08-30,0.045862,0.000852
2020-09-01,0.901681,0.522521
2020-09-02,0.000000,0.000000
2020-09-04,0.000098,0.000000
2020-09-06,0.000000,0.000000
2020-09-07,0.000000,0.000000
2020-09-09,0.024175,0.000077
2020-09-11,0.000000,0.000000
2020-09-12,0.001664,0.000000
2020-09-14,0.000000,0.000000
2020-09-16,0.000000,0.000000
2020-09-17,0.075009,0.004604
2020-09-19,0.307888,0.064465
2020-09-21,0.257605,0.084409
2020-09-22,0.381785,0.176813
2020-09-24,0.123528,0.016944
2020-09-26,0.007035,0.000000
2020-09-27,0.000658,0.000000
2020-09-29,0.000000,0.000000
2020-10-01,0.000000,0.000000
2020-10-02,0.066999,0.002922
2020-10-04,0.026736,0.002752
2020-10-06,0.000000,0.000000
2020-10-07,0.022010,0.002487
2020-10-09,0.000000,0.000000
2020-10-11,0.000000,0.000000
2020-10-12,0.011035,0.000000
2020-10-14,0.000000,0.000000
2020-10-16,0.271108,0.018309
2020-10-17,0.000000,0.000000
2020-10-21,0.000676,0.000000
2020-10-22,0.000002,0.000000
2020-10-24,0.000000,0.000000
2020-10-26,0.000004,0.000000
2020-10-27,0.590256,0.214190
2020-10-29,0.001589,0.000000
2020-10-31,0.187614,0.063116
2020-11-01,0.035952,0.000530
2020-11-03,0.801331,0.426577
2020-11-05,0.000000,0.000000
2020-11-06,0.022261,0.000337
2020-11-08,0.014485,0.000221
2020-11-10,0.000000,0.000000
2020-11-11,0.000000,0.000000
2020-11-13,0.934837,0.747023
2020-11-15,0.403053,0.382810
2020-11-16,0.000000,0.000000
2020-11-18,0.003396,0.000000
2020-11-20,0.000000,0.000000
2020-11-21,0.000000,0.000000
2020-11-23,0.032305,0.003247
2020-11-25,0.000000,0.000000
2020-11-26,0.711764,0.652532
2020-11-28,0.970369,0.913251
2020-11-30,0.000000,0.000000
2020-12-01,0.000008,0.000000
2020-12-03,0.135909,0.059552
2020-12-05,0.105999,0.015710
2020-12-06,0.000172,0.000000
2020-12-08,0.450889,0.321705
2020-12-10,0.000000,0.000000
2020-12-11,0.673136,0.592390
2020-12-13,0.217878,0.022431
2020-12-15,0.517263,0.291830
2020-12-16,0.000720,0.000000
2020-12-18,0.994071,0.971398
2020-12-20,0.086872,0.026143
2020-12-21,0.026790,0.003698
2020-12-23,0.004766,0.000000
2020-12-25,0.000000,0.000000
2020-12-26,0.000000,0.000000
2020-12-28,0.975381,0.919515
2020-12-30,0.000000,0.000000
2020-12-31,0.114589,0.011382
2021-01-02,0.000001,0.000000
2021-01-04,0.002313,0.000000
2021-01-05,0.998985,0.997793
2021-01-07,0.222758,0.075661
2021-01-09,0.000000,0.000000
2021-01-10,0.000000,0.000000
2021-01-12,0.116440,0.056104
2021-01-14,0.016914,0.001800
2021-01-15,0.283001,0.157653
2021-01-17,0.000000,0.000000
2021-01-19,0.012920,0.000130
2021-01-20,0.000000,0.000000
2021-01-22,1.000027,1.000027
2021-01-24,0.004672,0.000000
2021-01-25,0.000000,0.000000
2021-01-27,0.000001,0.000000
2021-01-29,0.000000,0.000000
2021-01-30,0.005543,0.000000
2021-02-01,1.000027,1.000027
2021-02-03,0.982245,0.904247
2021-02-04,0.102150,0.053823
2021-02-06,0.000000,0.000000
2021-02-08,0.873618,0.607942
2021-02-09,0.000000,0.000000
2021-02-11,0.325890,0.183638
2021-02-13,0.029418,0.000027
2021-02-14,0.908493,0.814982
2021-02-16,0.018735,0.000465
2021-02-18,0.993582,0.991045
2021-02-19,0.554512,0.235335
2021-02-21,0.786039,0.692568
2021-02-23,0.993892,0.995354
2021-02-24,0.855223,0.716640
2021-02-26,1.000027,1.000027
2021-02-28,0.993885,0.996883
2021-03-01,0.000000,0.000000
2021-03-03,0.000659,0.000000
2021-03-05,0.000000,0.000000
2021-03-06,0.005666,0.000014
2021-03-08,1.000027,1.000027
2021-03-10,0.451399,0.334406
2021-03-11,0.998135,0.996769
2021-03-13,0.841627,0.567908
2021-03-15,0.993226,0.988297
2021-03-16,0.998328,0.996955
2021-03-18,0.869856,0.684628
2021-03-20,0.993937,0.997887
2021-03-21,0.052234,0.028047
2021-03-23,0.979181,0.876673
2021-03-25,0.000000,0.000000
2021-03-26,0.998709,0.996298
2021-03-28,0.962500,0.873150
2021-03-30,0.989639,0.954264
2021-03-31,0.000000,0.000000
2021-04-02,0.023899,0.011684
2021-04-04,0.987742,0.935231
2021-04-05,0.034709,0.013698
2021-04-07,0.092084,0.052273
2021-04-09,0.000027,0.000000
2021-04-10,0.091839,0.031070
2021-04-12,1.000027,1.000027
2021-04-14,0.705239,0.649942
2021-04-15,0.573012,0.398009
2021-04-17,0.420538,0.226517
2021-04-19,0.985149,0.910085
2021-04-20,0.988008,0.928363
2021-04-22,0.000853,0.000000
2021-04-24,0.000112,0.000000
2021-04-25,0.038446,0.000410
2021-04-27,0.000000,0.000000
2021-04-29,0.000000,0.000000
2021-04-30,0.000015,0.000000
2021-05-02,0.000000,0.000000
2021-05-04,0.000049,0.000000
2021-05-05,0.059273,0.006344
2021-05-07,0.005782,0.000000
2021-05-09,0.980237,0.954790
2021-05-10,0.864481,0.508498
2021-05-12,0.000035,0.000000
2021-05-14,0.002591,0.000000
2021-05-15,0.377115,0.081741
2021-05-17,0.947507,0.825659
2021-05-19,0.004410,0.000000
2021-05-20,0.015599,0.000463
2021-05-22,0.000003,0.000000
2021-05-24,0.000000,0.000000
2021-05-25,0.402424,0.061563
2021-05-27,0.032270,0.008879
2021-05-29,0.000000,0.000000
2021-05-30,0.996836,0.984569
2021-06-01,0.000114,0.000000
2021-06-03,0.041600,0.011495
2021-06-04,0.000000,0.000000
2021-06-06,0.435428,0.095474
2021-06-08,0.000000,0.000000
2021-06-09,0.008337,0.000002
2021-06-11,0.023090,0.000000
2021-06-13,0.287043,0.021624
2021-06-14,0.063122,0.002950
2021-06-16,0.344318,0.190740
2021-06-18,0.000385,0.000000
2021-06-19,0.200803,0.013418
2021-06-21,0.987186,0.898171
2021-06-23,0.218217,0.001346
2021-06-24,0.000000,0.000000
2021-06-26,0.749508,0.508897
2021-06-28,0.681184,0.118840
2021-06-29,0.000000,0.000000
2021-07-01,0.893268,0.812115
2021-07-03,0.080070,0.032414
2021-07-04,0.558019,0.184360
2021-07-06,0.000000,0.000000
2021-07-08,0.869984,0.440824
2021-07-09,0.307005,0.027466
2021-07-11,0.000202,0.000000
2021-07-13,0.999114,1.000025
2021-07-14,0.445117,0.058554
2021-07-16,0.000000,0.000000
2021-07-18,0.000000,0.000000
2021-07-19,0.604885,0.197296
2021-07-21,0.535303,0.232611
2021-07-23,0.999662,0.999340
2021-07-24,0.906270,0.524637
2021-07-26,0.000005,0.000000
2021-07-28,0.000000,0.000000
2021-07-29,0.000021,0.000000
2021-07-31,0.000003,0.000000
2021-08-02,0.007166,0.000000
2021-08-03,0.000000,0.000000
2021-08-05,0.000000,0.000000
2021-08-07,0.085608,0.005966
2021-08-08,0.106319,0.000970
2021-08-10,0.898165,0.609216
2021-08-12,0.046709,0.000253
2021-08-13,0.352365,0.061149
2021-08-15,0.119171,0.002920
2021-08-17,0.756725,0.545013
2021-08-18,0.000000,0.000000
2021-08-20,0.000784,0.000000
2021-08-22,0.992322,0.985841
2021-08-23,0.214669,0.012576
2021-08-25,0.000540,0.000000
2021-08-27,0.237575,0.003327
2021-08-28,0.988643,0.895055
2021-08-30,0.000000,0.000000
2021-09-01,0.429234,0.246293
2021-09-02,0.985586,0.918289
2021-09-04,1.000027,1.000027
2021-09-06,0.000000,0.000000
2021-09-07,0.000000,0.000000
2021-09-09,0.013633,0.000117
2021-09-11,0.000000,0.000000
2021-09-12,0.000031,0.000000
2021-09-14,0.000206,0.000000
2021-09-16,0.000014,0.000000
2021-09-17,0.000000,0.000000
2021-09-19,0.028536,0.000702
2021-09-21,0.142254,0.126592
2021-09-22,0.005900,0.000000
2021-09-24,0.813964,0.759288
2021-09-26,0.254454,0.179104
2021-09-27,0.000000,0.000000
2021-09-29,0.210573,0.027241
2021-10-01,0.173129,0.051553
2021-10-02,0.000000,0.000000
2021-10-04,0.971693,0.860704
2021-10-06,0.000000,0.000000
2021-10-07,0.026397,0.006624
2021-10-09,0.198289,0.095561
2021-10-11,0.000000,0.000000
2021-10-12,0.000486,0.000000
2021-10-14,0.000270,0.000000
2021-10-16,0.805367,0.554039
2021-10-17,0.015247,0.001280
2021-10-19,0.070572,0.005097
2021-10-21,0.109085,0.013882
2021-10-22,0.397982,0.148865
2021-10-24,0.742130,0.647594
2021-10-26,0.010874,0.000000
2021-10-27,0.270850,0.080468
2021-10-29,1.000027,1.000027
2021-10-31,0.006655,0.000248
2021-11-01,0.000000,0.000000
2021-11-03,0.013902,0.002014
2021-11-05,0.152494,0.037968
2021-11-06,0.000000,0.000000
2021-11-10,0.169167,0.051383
2021-11-11,0.027490,0.004675
2021-11-13,0.192074,0.108858
2021-11-15,0.031190,0.004762
2021-11-16,0.040030,0.008903
2021-11-18,1.000021,1.000027
2021-11-20,0.404260,0.269809
2021-11-21,0.000111,0.000000
2021-11-23,0.089506,0.034472
2021-11-25,0.744335,0.699051
2021-11-26,0.000000,0.000000
2021-11-28,0.000000,0.000000
2021-11-30,0.000035,0.000000
2021-12-01,0.000166,0.000000
2021-12-03,0.183336,0.135155
2021-12-05,0.377489,0.137774
2021-12-06,0.986126,0.943292
2021-12-08,0.384201,0.207410
2021-12-10,0.995295,1.000564
2021-12-11,0.561225,0.257594
2021-12-15,0.000316,0.000000
2021-12-16,0.425098,0.301976
2021-12-18,0.015100,0.000790
2021-12-20,0.905451,0.655443
2021-12-21,0.766923,0.631692
2021-12-23,0.000000,0.000000
2021-12-25,0.008520,0.000000
2021-12-26,0.999522,0.999071
2021-12-28,0.182928,0.039658
2021-12-30,0.000000,0.000000
2021-12-31,0.916632,0.854237
